Time in minutes :                      |  Price in Euro:
_______________________________________________
  15                                           |   Free
  30                                           |   1
  45                                           |   1.30
  60                                           |   1.60
  75                                           |   2.40
  90                                           |   2.80
  105                                         |   3.20
  120                                         |   3.60
  135                                         |   4.40
  150                                         |   4.80
  165                                         |   5.20
  180                                         |   5.60
  195                                         |   6.30
  210                                         |   6.60
  225                                         |   6.90
  240                                         |   7.20
  255                                         |   7.90
  270                                         |   8.20
  285                                         |   8.50
  300                                         |   8.80
